"DATES" "FL664090005.Q" "FL663020003.Q" "FL664004005.Q" "FL663069103.Q" "FL663061105.Q" "FL663061703.Q" "FL663062003.Q" "FL663063005.Q" "FL663069803.Q" "FL663064103.Q" "FL663067003.Q" "FL663090005.Q" "FL664190005.Q" "FL662150005.Q" "FL664104005.Q" "FL663163003.Q" "FL663168005.Q" "FL663170003.Q" "FL663167005.Q" "FL663167003.Q" "FL763067005.Q" "FL753067000.Q" "FL663178003.Q" "FL663190005.Q" "FL663192003.Q" "FL663194005.Q" "FL663193005.Q"
"195201" 3340.00 597.00 874.00 0.00 191.00 0.00 300.00 383.00 0.00 447.00 1422.00 0.00 3477.00 -1026.00 0.00 0.00 0.00 100.00 3282.00 832.00 2300.00 150.00 14.00 1107.00 171.00 0.00 936.00
"195202" 4180.00 586.00 1699.00 0.00 1121.00 0.00 200.00 378.00 0.00 441.00 1454.00 0.00 4317.00 -965.00 0.00 0.00 0.00 100.00 4057.00 779.00 3078.00 200.00 16.00 1109.00 173.00 0.00 936.00
"195203" 3518.00 571.00 834.00 0.00 180.00 0.00 70.00 584.00 0.00 648.00 1465.00 0.00 3656.00 -1133.00 0.00 0.00 0.00 140.00 3561.00 761.00 2500.00 300.00 17.00 1071.00 175.00 0.00 896.00
"195204" 4149.00 549.00 1486.00 0.00 709.00 0.00 228.00 549.00 0.00 612.00 1502.00 0.00 4290.00 -1103.00 0.00 0.00 0.00 150.00 4159.00 796.00 3163.00 200.00 20.00 1064.00 178.00 0.00 886.00
"195301" 3729.00 530.00 914.00 0.00 208.00 0.00 150.00 556.00 0.00 620.00 1665.00 0.00 3871.00 -1128.00 0.00 0.00 0.00 160.00 3768.00 818.00 2700.00 250.00 14.00 1057.00 181.00 0.00 876.00
"195302" 3825.00 510.00 821.00 0.00 145.00 0.00 100.00 576.00 0.00 640.00 1854.00 0.00 3969.00 -1074.00 0.00 0.00 0.00 170.00 3811.00 718.00 2793.00 300.00 10.00 1052.00 186.00 0.00 866.00
"195303" 4100.00 492.00 1140.00 0.00 426.00 0.00 100.00 614.00 0.00 679.00 1789.00 0.00 4244.00 -1034.00 0.00 0.00 0.00 180.00 4041.00 741.00 2900.00 400.00 11.00 1046.00 190.00 0.00 856.00
"195304" 4551.00 475.00 1608.00 0.00 640.00 0.00 430.00 538.00 0.00 602.00 1866.00 0.00 4682.00 -1202.00 0.00 0.00 0.00 180.00 4647.00 784.00 3563.00 300.00 21.00 1036.00 180.00 0.00 856.00
"195401" 4122.00 476.00 1219.00 0.00 443.00 0.00 300.00 476.00 0.00 539.00 1888.00 0.00 4252.00 -1198.00 0.00 0.00 0.00 190.00 4216.00 866.00 3000.00 350.00 13.00 1031.00 185.00 0.00 846.00
"195402" 4907.00 492.00 1738.00 0.00 869.00 0.00 300.00 569.00 0.00 632.00 2045.00 0.00 5031.00 -1256.00 0.00 0.00 0.00 190.00 5040.00 922.00 3718.00 400.00 22.00 1035.00 189.00 0.00 846.00
"195403" 5152.00 521.00 1626.00 0.00 674.00 0.00 300.00 652.00 0.00 715.00 2290.00 0.00 5267.00 -1307.00 0.00 0.00 0.00 200.00 5316.00 1016.00 3800.00 500.00 29.00 1029.00 193.00 0.00 836.00
"195404" 5595.00 557.00 1635.00 0.00 666.00 0.00 300.00 669.00 0.00 731.00 2672.00 0.00 5715.00 -1525.00 0.00 0.00 0.00 200.00 5975.00 1121.00 4454.00 400.00 22.00 1043.00 207.00 0.00 836.00
"195501" 5290.00 579.00 1150.00 0.00 322.00 0.00 300.00 528.00 0.00 590.00 2971.00 0.00 5411.00 -1529.00 0.00 0.00 0.00 200.00 5674.00 1124.00 4100.00 450.00 19.00 1047.00 211.00 0.00 836.00
"195502" 5512.00 581.00 1182.00 0.00 228.00 0.00 300.00 654.00 0.00 716.00 3033.00 0.00 5634.00 -1613.00 0.00 0.00 0.00 200.00 5980.00 1009.00 4471.00 500.00 15.00 1052.00 216.00 0.00 836.00
"195503" 5375.00 564.00 1067.00 0.00 218.00 0.00 300.00 549.00 0.00 611.00 3133.00 0.00 5498.00 -1654.00 0.00 0.00 0.00 200.00 5875.00 1075.00 4200.00 600.00 20.00 1057.00 221.00 0.00 836.00
"195504" 5910.00 530.00 1387.00 0.00 264.00 0.00 300.00 823.00 0.00 885.00 3108.00 0.00 6034.00 -1774.00 0.00 0.00 0.00 210.00 6520.00 983.00 5037.00 500.00 26.00 1052.00 226.00 0.00 826.00
"195601" 5440.00 508.00 1091.00 0.00 111.00 0.00 300.00 680.00 0.00 742.00 3099.00 0.00 5565.00 -1825.00 0.00 0.00 0.00 220.00 6106.00 1056.00 4500.00 550.00 17.00 1047.00 231.00 0.00 816.00
"195602" 5374.00 502.00 1015.00 0.00 122.00 0.00 200.00 693.00 0.00 755.00 3102.00 0.00 5498.00 -1738.00 0.00 0.00 0.00 230.00 5953.00 920.00 4433.00 600.00 13.00 1040.00 234.00 0.00 806.00
"195603" 5093.00 513.00 817.00 0.00 114.00 0.00 100.00 603.00 0.00 666.00 3097.00 0.00 5215.00 -1728.00 0.00 0.00 0.00 230.00 5653.00 953.00 4000.00 700.00 17.00 1043.00 237.00 0.00 806.00
"195604" 5331.00 538.00 965.00 0.00 243.00 0.00 100.00 622.00 0.00 686.00 3142.00 0.00 5435.00 -1691.00 0.00 0.00 0.00 230.00 5849.00 968.00 4281.00 600.00 18.00 1029.00 223.00 0.00 806.00
"195701" 4665.00 559.00 570.00 0.00 113.00 0.00 0.00 457.00 0.00 521.00 3015.00 0.00 4771.00 -1664.00 0.00 0.00 0.00 240.00 5152.00 902.00 3600.00 650.00 19.00 1024.00 228.00 0.00 796.00
"195702" 4973.00 568.00 659.00 0.00 87.00 0.00 100.00 472.00 0.00 536.00 3210.00 0.00 5080.00 -1706.00 0.00 0.00 0.00 240.00 5502.00 902.00 3900.00 700.00 16.00 1028.00 232.00 0.00 796.00
"195703" 5050.00 564.00 819.00 0.00 223.00 0.00 100.00 496.00 0.00 561.00 3106.00 0.00 5159.00 -1654.00 0.00 0.00 0.00 240.00 5522.00 922.00 3800.00 800.00 19.00 1032.00 236.00 0.00 796.00
"195704" 5477.00 547.00 1354.00 0.00 449.00 0.00 200.00 705.00 0.00 771.00 2805.00 0.00 5585.00 -1620.00 0.00 0.00 0.00 250.00 5907.00 986.00 4221.00 700.00 25.00 1023.00 237.00 0.00 786.00
"195801" 5439.00 537.00 1220.00 0.00 332.00 0.00 325.00 563.00 0.00 628.00 3054.00 0.00 5544.00 -1793.00 0.00 0.00 0.00 250.00 6042.00 1049.00 4200.00 793.00 22.00 1023.00 237.00 0.00 786.00
"195802" 6731.00 537.00 1940.00 0.00 867.00 0.00 370.00 703.00 0.00 768.00 3486.00 0.00 6830.00 -1837.00 0.00 0.00 0.00 250.00 7370.00 1152.00 5400.00 818.00 24.00 1023.00 237.00 0.00 786.00
"195803" 5303.00 549.00 775.00 0.00 199.00 0.00 215.00 361.00 0.00 425.00 3554.00 0.00 5395.00 -1784.00 0.00 0.00 0.00 260.00 5876.00 1231.00 3700.00 945.00 30.00 1013.00 237.00 0.00 776.00
"195804" 6071.00 571.00 1242.00 0.00 604.00 0.00 215.00 423.00 0.00 488.00 3770.00 0.00 6152.00 -1829.00 0.00 0.00 0.00 260.00 6677.00 1275.00 4661.00 741.00 33.00 1011.00 235.00 0.00 776.00
"195901" 5426.00 590.00 825.00 0.00 408.00 0.00 275.00 142.00 0.00 207.00 3804.00 0.00 5496.00 -1895.00 0.00 0.00 0.00 270.00 6084.00 1391.00 3900.00 793.00 38.00 999.00 234.00 0.00 765.00
"195902" 5480.00 602.00 719.00 0.00 275.00 0.00 250.00 194.00 0.00 258.00 3901.00 0.00 5542.00 -1915.00 0.00 0.00 0.00 270.00 6152.00 1234.00 4100.00 818.00 35.00 1000.00 236.00 0.00 764.00
"195903" 5598.00 605.00 882.00 0.00 401.00 0.00 180.00 301.00 0.00 364.00 3747.00 0.00 5650.00 -1856.00 0.00 0.00 0.00 280.00 6188.00 1143.00 4100.00 945.00 46.00 992.00 238.00 0.00 754.00
"195904" 6171.00 600.00 1232.00 0.00 428.00 0.00 302.00 502.00 0.00 566.00 3773.00 0.00 6212.00 -1850.00 0.00 0.00 0.00 280.00 6737.00 1096.00 4868.00 773.00 50.00 995.00 239.00 0.00 756.00
"196001" 4962.00 599.00 637.00 0.00 158.00 0.00 276.00 203.00 0.00 266.00 3460.00 0.00 4998.00 -1837.00 0.00 0.00 0.00 290.00 5520.00 1087.00 3500.00 933.00 36.00 989.00 243.00 0.00 746.00
"196002" 5303.00 601.00 896.00 0.00 204.00 0.00 457.00 235.00 0.00 299.00 3507.00 0.00 5338.00 -1858.00 0.00 0.00 0.00 290.00 5876.00 1118.00 3800.00 958.00 33.00 997.00 251.00 0.00 746.00
"196003" 6040.00 610.00 1405.00 0.00 580.00 0.00 450.00 375.00 0.00 440.00 3585.00 0.00 6075.00 -1905.00 0.00 0.00 0.00 290.00 6645.00 1165.00 4400.00 1080.00 39.00 1006.00 259.00 0.00 747.00
"196004" 6700.00 624.00 1891.00 0.00 1021.00 0.00 400.00 470.00 0.00 536.00 3649.00 0.00 6715.00 -1833.00 0.00 0.00 0.00 290.00 7215.00 1249.00 5117.00 849.00 48.00 995.00 249.00 0.00 746.00
"196101" 5882.00 642.00 1207.00 0.00 543.00 0.00 443.00 221.00 0.00 11.00 4022.00 0.00 5890.00 -1865.00 0.00 0.00 0.00 300.00 6397.00 1658.00 4000.00 739.00 67.00 991.00 256.00 0.00 735.00
"196102" 6677.00 660.00 1383.00 0.00 517.00 0.00 504.00 362.00 0.00 152.00 4482.00 0.00 6671.00 -1994.00 0.00 0.00 0.00 300.00 7313.00 1408.00 4927.00 978.00 61.00 991.00 258.00 0.00 733.00
"196103" 6719.00 676.00 1525.00 0.00 763.00 0.00 473.00 289.00 0.00 77.00 4441.00 0.00 6698.00 -2001.00 0.00 0.00 0.00 300.00 7334.00 1350.00 5100.00 884.00 71.00 994.00 260.00 0.00 734.00
"196104" 7648.00 688.00 2043.00 0.00 1305.00 0.00 333.00 405.00 0.00 194.00 4723.00 0.00 7642.00 -2134.00 0.00 0.00 0.00 300.00 8390.00 1341.00 6190.00 859.00 63.00 1023.00 287.00 0.00 736.00
"196201" 6940.00 690.00 1852.00 0.00 1142.00 0.00 479.00 231.00 0.00 19.00 4379.00 0.00 6934.00 -2004.00 0.00 0.00 0.00 310.00 7544.00 1269.00 5400.00 875.00 66.00 1018.00 292.00 0.00 726.00
"196202" 6749.00 683.00 1968.00 0.00 1122.00 0.00 538.00 308.00 0.00 97.00 4001.00 0.00 6746.00 -2005.00 0.00 0.00 0.00 310.00 7380.00 1511.00 5259.00 610.00 38.00 1023.00 296.00 0.00 727.00
"196203" 7219.00 668.00 2014.00 0.00 1146.00 0.00 425.00 443.00 0.00 232.00 4305.00 0.00 7219.00 -1899.00 0.00 0.00 0.00 320.00 7750.00 1200.00 5800.00 750.00 33.00 1015.00 299.00 0.00 716.00
"196204" 8431.00 648.00 2964.00 0.00 1976.00 0.00 523.00 465.00 0.00 255.00 4564.00 0.00 8391.00 -2131.00 0.00 0.00 0.00 320.00 9197.00 1338.00 7150.00 709.00 28.00 977.00 261.00 0.00 716.00
"196301" 7249.00 652.00 1923.00 0.00 1048.00 0.00 636.00 239.00 0.00 29.00 4645.00 0.00 7208.00 -2195.00 0.00 0.00 0.00 325.00 8064.00 1293.00 6000.00 771.00 40.00 974.00 264.00 0.00 710.00
"196302" 8206.00 655.00 1972.00 0.00 963.00 0.00 643.00 366.00 0.00 156.00 5423.00 0.00 8157.00 -2233.00 0.00 0.00 0.00 325.00 9051.00 1264.00 6878.00 909.00 40.00 974.00 263.00 0.00 711.00
"196303" 8870.00 671.00 2202.00 0.00 1394.00 0.00 494.00 314.00 0.00 104.00 5893.00 0.00 8809.00 -2392.00 0.00 0.00 0.00 330.00 9852.00 1298.00 7400.00 1154.00 52.00 967.00 261.00 0.00 706.00
"196304" 9167.00 672.00 1921.00 0.00 718.00 0.00 514.00 689.00 0.00 479.00 6095.00 0.00 9108.00 -2580.00 0.00 0.00 0.00 330.00 10319.00 1331.00 7900.00 1088.00 57.00 982.00 276.00 0.00 706.00
"196401" 8280.00 694.00 1479.00 0.00 569.00 0.00 520.00 390.00 0.00 181.00 5926.00 0.00 8206.00 -2607.00 0.00 0.00 0.00 340.00 9447.00 1354.00 7100.00 993.00 56.00 970.00 274.00 0.00 696.00
"196402" 9303.00 689.00 2257.00 0.00 1021.00 0.00 596.00 640.00 0.00 430.00 5927.00 0.00 9218.00 -2704.00 0.00 0.00 0.00 340.00 10559.00 1261.00 8230.00 1068.00 50.00 973.00 276.00 0.00 697.00
"196403" 9157.00 684.00 2564.00 0.00 1535.00 0.00 673.00 356.00 0.00 145.00 5764.00 0.00 9061.00 -2733.00 0.00 0.00 0.00 350.00 10420.00 1260.00 8100.00 1060.00 58.00 966.00 278.00 0.00 688.00
"196404" 9862.00 681.00 2674.00 0.00 1374.00 0.00 693.00 607.00 0.00 897.00 5610.00 0.00 9771.00 -2843.00 0.00 0.00 0.00 350.00 11220.00 1785.00 8384.00 1051.00 60.00 984.00 298.00 0.00 686.00
"196501" 9051.00 687.00 2104.00 0.00 955.00 0.00 750.00 399.00 0.00 688.00 5572.00 0.00 8945.00 -2803.00 0.00 0.00 0.00 360.00 10345.00 1747.00 7800.00 798.00 67.00 976.00 300.00 0.00 676.00
"196502" 10499.00 698.00 3132.00 0.00 1510.00 0.00 835.00 787.00 0.00 1077.00 5592.00 0.00 10363.00 -2912.00 0.00 0.00 0.00 360.00 11885.00 2041.00 8978.00 866.00 64.00 966.00 291.00 0.00 675.00
"196503" 8511.00 709.00 1721.00 0.00 595.00 0.00 754.00 372.00 0.00 661.00 5420.00 0.00 8340.00 -3032.00 0.00 0.00 0.00 370.00 9973.00 2284.00 6700.00 989.00 82.00 947.00 281.00 0.00 666.00
"196504" 10349.00 711.00 2449.00 0.00 1082.00 0.00 453.00 914.00 0.00 1203.00 5986.00 0.00 10147.00 -3231.00 0.00 0.00 0.00 370.00 11968.00 2691.00 8489.00 788.00 93.00 947.00 281.00 0.00 666.00
"196601" 9123.00 730.00 1605.00 0.00 909.00 0.00 333.00 363.00 0.00 651.00 6137.00 0.00 8889.00 -3202.00 0.00 0.00 0.00 380.00 10681.00 2958.00 7000.00 723.00 101.00 929.00 274.00 0.00 655.00
"196602" 10507.00 746.00 2303.00 0.00 818.00 0.00 618.00 867.00 0.00 1155.00 6303.00 0.00 10257.00 -3283.00 0.00 0.00 0.00 390.00 12138.00 2789.00 8633.00 716.00 84.00 928.00 281.00 0.00 647.00
"196603" 8930.00 764.00 1595.00 0.00 893.00 0.00 324.00 378.00 0.00 666.00 5905.00 0.00 8664.00 -3118.00 0.00 0.00 0.00 400.00 10365.00 2665.00 7000.00 700.00 92.00 925.00 288.00 0.00 637.00
"196604" 11286.00 784.00 3235.00 0.00 1742.00 0.00 465.00 1028.00 0.00 1317.00 5950.00 0.00 10957.00 -3203.00 0.00 0.00 0.00 410.00 12779.00 2905.00 9024.00 850.00 95.00 876.00 250.00 0.00 626.00
"196701" 11449.00 846.00 3379.00 0.00 2140.00 0.00 783.00 456.00 0.00 745.00 6479.00 0.00 11094.00 -2997.00 0.00 0.00 0.00 420.00 12664.00 3659.00 8300.00 705.00 133.00 874.00 253.00 0.00 621.00
"196702" 11516.00 912.00 2340.00 0.00 710.00 0.00 638.00 992.00 0.00 1281.00 6983.00 0.00 11104.00 -3349.00 0.00 0.00 0.00 430.00 13054.00 4056.00 8248.00 750.00 109.00 860.00 249.00 0.00 611.00
"196703" 12971.00 950.00 2632.00 0.00 985.00 0.00 469.00 1178.00 0.00 1467.00 7922.00 0.00 12486.00 -3568.00 0.00 0.00 0.00 440.00 14625.00 4544.00 9300.00 781.00 145.00 844.00 245.00 0.00 599.00
"196704" 14731.00 990.00 2888.00 0.00 983.00 0.00 506.00 1399.00 0.00 1689.00 9164.00 0.00 14185.00 -3843.00 0.00 0.00 0.00 450.00 16588.00 5254.00 10484.00 850.00 151.00 839.00 253.00 0.00 586.00
"196801" 13602.00 1124.00 2509.00 0.00 968.00 0.00 454.00 1087.00 0.00 1376.00 8593.00 0.00 13000.00 -3566.00 0.00 0.00 0.00 460.00 15085.00 5535.00 8700.00 850.00 201.00 820.00 250.00 0.00 570.00
"196802" 15112.00 1274.00 2305.00 0.00 905.00 0.00 669.00 731.00 0.00 1019.00 10514.00 0.00 14439.00 -3770.00 0.00 0.00 0.00 480.00 16732.00 6655.00 9227.00 850.00 194.00 803.00 252.00 0.00 551.00
"196803" 17661.00 1398.00 4211.00 0.00 2543.00 0.00 663.00 1005.00 0.00 1293.00 10759.00 0.00 16925.00 -3712.00 0.00 0.00 0.00 500.00 19115.00 6865.00 11400.00 850.00 225.00 797.00 262.00 0.00 535.00
"196804" 18513.00 1465.00 3534.00 0.00 1766.00 0.00 548.00 1220.00 0.00 1509.00 12005.00 0.00 17690.00 -4130.00 0.00 0.00 0.00 510.00 20329.00 7675.00 11804.00 850.00 199.00 782.00 255.00 0.00 527.00
"196901" 14615.00 1487.00 1823.00 0.00 733.00 0.00 345.00 745.00 0.00 1034.00 10271.00 0.00 13739.00 -4550.00 0.00 0.00 0.00 520.00 16783.00 7133.00 8800.00 850.00 209.00 777.00 256.00 0.00 521.00
"196902" 15847.00 1470.00 2851.00 0.00 1120.00 0.00 336.00 1395.00 0.00 1685.00 9841.00 0.00 14953.00 -4212.00 0.00 0.00 0.00 540.00 17721.00 6586.00 10285.00 850.00 144.00 760.00 260.00 0.00 500.00
"196903" 12890.00 1427.00 2087.00 0.00 866.00 0.00 350.00 871.00 0.00 1160.00 8216.00 0.00 12030.00 -4141.00 0.00 0.00 0.00 560.00 14704.00 5654.00 8200.00 850.00 163.00 744.00 263.00 0.00 481.00
"196904" 15402.00 1386.00 3670.00 0.00 1728.00 0.00 361.00 1581.00 0.00 1870.00 8476.00 0.00 14553.00 -4027.00 0.00 0.00 0.00 580.00 17200.00 5655.00 10695.00 850.00 147.00 653.00 196.00 0.00 457.00
"197001" 13071.00 1322.00 3436.00 0.00 2155.00 0.00 557.00 724.00 0.00 1015.00 7298.00 0.00 12285.00 -3816.00 0.00 0.00 0.00 590.00 14748.00 5098.00 8800.00 850.00 119.00 644.00 196.00 0.00 448.00
"197002" 11741.00 1225.00 2351.00 0.00 620.00 0.00 390.00 1341.00 0.00 1633.00 6532.00 0.00 10996.00 -3565.00 0.00 0.00 0.00 600.00 13221.00 4494.00 7877.00 850.00 108.00 632.00 194.00 0.00 438.00
"197003" 13298.00 1131.00 3850.00 0.00 2007.00 0.00 612.00 1231.00 0.00 1522.00 6795.00 0.00 12576.00 -3601.00 0.00 0.00 0.00 600.00 14813.00 4663.00 9300.00 850.00 135.00 629.00 192.00 0.00 437.00
"197004" 16246.00 1073.00 6003.00 0.00 3398.00 0.00 915.00 1690.00 0.00 1982.00 7188.00 0.00 15509.00 -3536.00 0.00 0.00 0.00 610.00 17689.00 4703.00 12136.00 850.00 150.00 596.00 169.00 0.00 427.00
"197101" 14861.00 1040.00 4520.00 0.00 1924.00 0.00 890.00 1706.00 0.00 1999.00 7302.00 0.00 14097.00 -3461.00 0.00 0.00 0.00 620.00 16189.00 5339.00 10000.00 850.00 160.00 589.00 174.00 0.00 415.00
"197102" 14332.00 1059.00 3394.00 0.00 1477.00 0.00 489.00 1428.00 0.00 1720.00 8159.00 0.00 13510.00 -3493.00 0.00 0.00 0.00 630.00 15669.00 5123.00 9696.00 850.00 120.00 584.00 181.00 0.00 403.00
"197103" 14491.00 1087.00 3579.00 0.00 1884.00 0.00 946.00 749.00 0.00 1040.00 8785.00 0.00 13607.00 -3530.00 0.00 0.00 0.00 650.00 15787.00 4937.00 10000.00 850.00 130.00 570.00 188.00 0.00 382.00
"197104" 17610.00 1097.00 4642.00 0.00 1799.00 0.00 1028.00 1815.00 0.00 2107.00 9764.00 0.00 16700.00 -3659.00 0.00 0.00 0.00 670.00 18958.00 5197.00 12911.00 850.00 140.00 591.00 224.00 0.00 367.00
"197201" 17309.00 1101.00 3316.00 250.00 1397.00 0.00 714.00 955.00 0.00 1246.00 11646.00 0.00 16242.00 -3748.00 0.00 0.00 0.00 690.00 18394.00 5544.00 12000.00 850.00 150.00 756.00 229.00 0.00 527.00
"197202" 18628.00 1106.00 3303.00 500.00 1107.00 0.00 767.00 929.00 0.00 1219.00 13000.00 0.00 17428.00 -4012.00 0.00 0.00 0.00 710.00 19683.00 5235.00 13598.00 850.00 123.00 924.00 232.00 0.00 692.00
"197203" 18761.00 1104.00 3569.00 750.00 1770.00 0.00 644.00 405.00 0.00 694.00 13394.00 0.00 17547.00 -5032.00 0.00 0.00 0.00 730.00 20594.00 5044.00 14700.00 850.00 151.00 1104.00 235.00 0.00 869.00
"197204" 22935.00 1081.00 5958.00 1000.00 2012.00 0.00 912.00 2034.00 0.00 2411.00 13485.00 0.00 21739.00 -4457.00 0.00 0.00 0.00 750.00 23959.00 5388.00 17409.00 1162.00 165.00 1322.00 285.00 0.00 1037.00
"197301" 18448.00 1040.00 3920.00 1250.00 1365.00 0.00 595.00 710.00 0.00 1087.00 12401.00 0.00 16977.00 -4549.00 0.00 0.00 0.00 760.00 19368.00 5158.00 13500.00 710.00 180.00 1218.00 260.00 1000.00 -42.00
"197302" 17755.00 975.00 4587.00 1500.00 1430.00 0.00 687.00 970.00 0.00 1348.00 10845.00 0.00 16017.00 -4724.00 0.00 0.00 0.00 770.00 18700.00 4836.00 13330.00 534.00 144.00 1127.00 243.00 1250.00 -366.00
"197303" 16902.00 907.00 4897.00 1750.00 1889.00 0.00 718.00 540.00 0.00 917.00 10181.00 0.00 14907.00 -4444.00 0.00 0.00 0.00 780.00 17349.00 4993.00 12099.00 257.00 156.00 1066.00 236.00 3000.00 -2170.00
"197304" 20294.00 854.00 7526.00 2000.00 2008.00 0.00 1130.00 2388.00 0.00 2765.00 9149.00 0.00 18067.00 -4275.00 0.00 0.00 0.00 790.00 20350.00 5199.00 14559.00 592.00 153.00 1049.00 254.00 3250.00 -2455.00
"197401" 16459.00 818.00 5287.00 2250.00 971.00 0.00 590.00 1476.00 0.00 1852.00 8502.00 0.00 13966.00 -4712.00 0.00 0.00 0.00 810.00 16729.00 4992.00 11500.00 237.00 140.00 999.00 238.00 4000.00 -3239.00
"197402" 17469.00 791.00 6092.00 2500.00 827.00 0.00 588.00 2177.00 0.00 2553.00 8033.00 0.00 14790.00 -4170.00 0.00 0.00 0.00 830.00 17020.00 4647.00 12132.00 241.00 82.00 1028.00 302.00 4250.00 -3524.00
"197403" 17444.00 771.00 6822.00 2750.00 1723.00 0.00 605.00 1744.00 0.00 2119.00 7732.00 0.00 14578.00 -4080.00 0.00 0.00 0.00 850.00 16674.00 4325.00 12099.00 250.00 68.00 1066.00 365.00 5000.00 -4299.00
"197404" 18249.00 752.00 7750.00 3000.00 2256.00 0.00 705.00 1789.00 0.00 2164.00 7583.00 0.00 15289.00 -5137.00 0.00 0.00 0.00 870.00 18287.00 4184.00 13585.00 518.00 45.00 1224.00 521.00 5250.00 -4547.00
"197501" 17450.00 740.00 7625.00 3250.00 2713.00 0.00 532.00 1130.00 0.00 1504.00 7581.00 0.00 14255.00 -3520.00 0.00 0.00 0.00 890.00 16106.00 4203.00 11599.00 304.00 61.00 718.00 536.00 6000.00 -5818.00
"197502" 18318.00 730.00 7695.00 3500.00 1813.00 0.00 573.00 1809.00 0.00 2184.00 7709.00 0.00 14888.00 -3221.00 0.00 0.00 0.00 910.00 16937.00 4353.00 12322.00 262.00 15.00 247.00 551.00 6500.00 -6804.00
"197503" 17269.00 729.00 6863.00 3750.00 1254.00 0.00 587.00 1272.00 0.00 1647.00 8030.00 0.00 13604.00 -2161.00 0.00 0.00 0.00 930.00 14895.00 4580.00 10000.00 315.00 52.00 -112.00 566.00 4268.00 -4946.00
"197504" 21486.00 738.00 8775.00 4000.00 1152.00 0.00 631.00 2992.00 0.00 3368.00 8605.00 0.00 17589.00 -2827.00 0.00 0.00 0.00 950.00 19861.00 4832.00 14599.00 430.00 80.00 -475.00 584.00 5087.00 -6146.00
"197601" 24301.00 903.00 9284.00 3999.00 2719.00 0.00 1131.00 1435.00 0.00 1302.00 9959.00 2853.00 20651.00 -2492.00 0.00 0.00 0.00 970.00 19153.00 5311.00 13399.00 443.00 297.00 2723.00 586.00 5563.00 -3426.00
"197602" 25430.00 1011.00 8972.00 3492.00 2571.00 0.00 1262.00 1647.00 0.00 1328.00 11223.00 2896.00 21755.00 -2571.00 0.00 0.00 0.00 990.00 20055.00 5438.00 14000.00 617.00 199.00 3082.00 629.00 5674.00 -3221.00
"197603" 29444.00 964.00 12754.00 4287.00 5143.00 0.00 1368.00 1956.00 0.00 1292.00 11645.00 2789.00 25838.00 1392.00 0.00 0.00 0.00 1010.00 20345.00 5557.00 14199.00 589.00 185.00 2906.00 672.00 5798.00 -3564.00
"197604" 34141.00 1018.00 16584.00 7217.00 5604.00 0.00 1672.00 2091.00 0.00 1542.00 12510.00 2487.00 30435.00 -626.00 0.00 0.00 0.00 1030.00 27386.00 5730.00 20787.00 869.00 208.00 2437.00 760.00 5889.00 -4212.00
"197701" 27720.00 1082.00 8715.00 3610.00 1624.00 0.00 1590.00 1891.00 0.00 1405.00 12936.00 3582.00 24144.00 -4942.00 0.00 0.00 0.00 1050.00 24840.00 5907.00 18099.00 834.00 153.00 3043.00 815.00 5946.00 -3718.00
"197702" 30344.00 1130.00 10183.00 3810.00 1990.00 0.00 2129.00 2254.00 0.00 1579.00 14024.00 3428.00 26710.00 -3730.00 0.00 0.00 0.00 1070.00 25492.00 6177.00 18621.00 694.00 129.00 3749.00 875.00 6470.00 -3596.00
"197703" 27744.00 1077.00 7849.00 3336.00 148.00 0.00 2213.00 2152.00 0.00 1581.00 13981.00 3256.00 24154.00 -7562.00 0.00 0.00 0.00 1090.00 27069.00 5190.00 20891.00 988.00 121.00 3436.00 935.00 6696.00 -4195.00
"197704" 29952.00 1036.00 11274.00 6670.00 350.00 0.00 2104.00 2150.00 0.00 1840.00 14527.00 1275.00 26566.00 -5984.00 0.00 0.00 0.00 1100.00 29631.00 5739.00 22564.00 1328.00 119.00 1700.00 979.00 7240.00 -6519.00
"197801" 31958.00 1120.00 9026.00 6081.00 -947.00 0.00 1714.00 2178.00 0.00 1673.00 16401.00 3738.00 28393.00 -3902.00 0.00 0.00 0.00 1120.00 27617.00 7567.00 18620.00 1430.00 96.00 3462.00 988.00 7900.00 -5426.00
"197802" 33843.00 1102.00 8350.00 5383.00 -884.00 0.00 1972.00 1879.00 0.00 2024.00 18950.00 3417.00 30155.00 -5830.00 0.00 0.00 0.00 1140.00 30838.00 8938.00 20642.00 1258.00 157.00 3850.00 1000.00 6274.00 -3424.00
"197803" 35165.00 1299.00 6745.00 4166.00 -902.00 0.00 1585.00 1896.00 0.00 2282.00 20731.00 4108.00 31251.00 -6247.00 0.00 0.00 0.00 1160.00 31551.00 10349.00 19590.00 1612.00 235.00 4552.00 1001.00 6398.00 -2847.00
"197804" 32520.00 1225.00 7564.00 5804.00 -1605.00 0.00 1877.00 1488.00 0.00 1918.00 17145.00 4668.00 28641.00 -7271.00 0.00 0.00 0.00 1190.00 29546.00 8521.00 19583.00 1442.00 187.00 4989.00 985.00 6738.00 -2734.00
"197901" 31805.00 1374.00 7847.00 4960.00 -444.00 0.00 1755.00 1576.00 0.00 2092.00 16326.00 4166.00 27728.00 -5585.00 0.00 0.00 0.00 1240.00 27699.00 7887.00 18412.00 1400.00 186.00 4188.00 905.00 7942.00 -4659.00
"197902" 41634.00 1526.00 13996.00 8025.00 1998.00 0.00 1904.00 2069.00 0.00 2237.00 18958.00 4917.00 37417.00 -2090.00 0.00 0.00 0.00 1270.00 33294.00 10725.00 20889.00 1680.00 185.00 4758.00 989.00 8698.00 -4929.00
"197903" 40157.00 1936.00 10125.00 7861.00 -1551.00 0.00 1888.00 1927.00 0.00 2487.00 20249.00 5360.00 35841.00 -4368.00 0.00 0.00 0.00 1300.00 33093.00 11463.00 20222.00 1408.00 206.00 5610.00 1073.00 8090.00 -3553.00
"197904" 32683.00 2205.00 3946.00 7169.00 -7023.00 0.00 2184.00 1616.00 0.00 2566.00 17458.00 6508.00 28507.00 -9643.00 0.00 0.00 0.00 1340.00 30508.00 10354.00 18754.00 1400.00 208.00 6094.00 1284.00 7754.00 -2944.00
"198001" 36918.00 2647.00 8109.00 6144.00 -246.00 0.00 1108.00 1103.00 0.00 2066.00 18735.00 5361.00 32686.00 -3529.00 0.00 0.00 0.00 1400.00 28382.00 11663.00 15754.00 965.00 239.00 6194.00 1329.00 9401.00 -4536.00
"198002" 42098.00 2711.00 12163.00 7913.00 -137.00 0.00 1738.00 2649.00 0.00 2283.00 18620.00 6321.00 37082.00 -537.00 0.00 0.00 0.00 1500.00 29316.00 12635.00 15721.00 960.00 373.00 6430.00 1371.00 18264.00 -13205.00
"198003" 44369.00 2905.00 10689.00 6655.00 465.00 0.00 1718.00 1851.00 0.00 2745.00 19972.00 8058.00 39480.00 -1137.00 0.00 0.00 0.00 1600.00 30915.00 14808.00 14997.00 1110.00 497.00 7605.00 1692.00 18712.00 -12799.00
"198004" 45358.00 2997.00 6554.00 6750.00 -4746.00 0.00 2509.00 2041.00 0.00 3268.00 24737.00 7802.00 39087.00 -8726.00 0.00 0.00 0.00 1700.00 37160.00 16236.00 19908.00 1016.00 483.00 8470.00 886.00 19967.00 -12383.00
"198101" 53658.00 2950.00 19065.00 6799.00 8332.00 0.00 1696.00 2238.00 0.00 3053.00 21807.00 6783.00 47072.00 2704.00 0.00 0.00 0.00 1800.00 35470.00 15884.00 18459.00 1127.00 419.00 6679.00 821.00 21751.00 -15893.00
"198102" 52462.00 2720.00 16750.00 10730.00 1130.00 0.00 2066.00 2824.00 0.00 3384.00 22179.00 7429.00 45540.00 -1931.00 0.00 0.00 0.00 1900.00 37593.00 14709.00 20890.00 1994.00 374.00 7604.00 875.00 26160.00 -19431.00
"198103" 47271.00 3139.00 14043.00 8031.00 1962.00 0.00 1766.00 2284.00 0.00 2768.00 21068.00 6253.00 40667.00 -5005.00 0.00 0.00 0.00 2000.00 35277.00 13300.00 20430.00 1547.00 334.00 8061.00 934.00 32467.00 -25340.00
"198104" 59758.00 2844.00 20949.00 11572.00 2958.00 0.00 3004.00 3415.00 0.00 3475.00 23023.00 9467.00 52529.00 -309.00 0.00 0.00 0.00 2100.00 40938.00 14729.00 24587.00 1622.00 324.00 9476.00 1072.00 23147.00 -14743.00
"198201" 55929.00 3398.00 21481.00 9425.00 6685.00 0.00 1873.00 3498.00 0.00 2750.00 19250.00 9050.00 49061.00 3892.00 0.00 0.00 0.00 2200.00 34986.00 14632.00 19501.00 853.00 263.00 7720.00 1250.00 25825.00 -19355.00
"198202" 54746.00 3275.00 18862.00 13009.00 -722.00 0.00 2431.00 4144.00 0.00 3274.00 19099.00 10236.00 47941.00 -182.00 0.00 0.00 0.00 2300.00 36869.00 15378.00 20541.00 950.00 263.00 8691.00 1408.00 30115.00 -22832.00
"198203" 58017.00 4557.00 17758.00 14399.00 -4991.00 0.00 3108.00 5242.00 0.00 3283.00 20798.00 11621.00 50818.00 -1875.00 0.00 0.00 0.00 2450.00 40422.00 17579.00 21878.00 965.00 406.00 9415.00 1629.00 26837.00 -19051.00
"198204" 83275.00 4504.00 36187.00 16447.00 9199.00 0.00 4628.00 5913.00 0.00 4921.00 25791.00 11872.00 74904.00 24344.00 0.00 0.00 0.00 2600.00 44053.00 17838.00 25050.00 1165.00 643.00 3264.00 1799.00 26468.00 -25003.00
"198301" 70559.00 3952.00 19159.00 8315.00 3492.00 0.00 3319.00 4033.00 0.00 5099.00 26743.00 15606.00 61580.00 2004.00 46.00 46.00 0.00 2692.00 44365.00 21354.00 22266.00 745.00 649.00 11824.00 1936.00 28000.00 -18112.00
"198302" 77507.00 4013.00 19032.00 8954.00 -871.00 0.00 3821.00 7128.00 0.00 7423.00 32758.00 14281.00 67786.00 796.00 74.00 74.00 0.00 3221.00 48663.00 22345.00 25765.00 553.00 520.00 14512.00 1998.00 28544.00 -16030.00
"198303" 83060.00 3421.00 25032.00 10208.00 4483.00 0.00 3614.00 6727.00 0.00 7470.00 33781.00 13356.00 73115.00 11214.00 122.00 122.00 0.00 3083.00 45674.00 21581.00 23041.00 1052.00 494.00 12528.00 2073.00 29273.00 -18818.00
"198304" 90463.00 3641.00 25539.00 11598.00 -473.00 0.00 6472.00 7942.00 0.00 10005.00 34177.00 17101.00 80056.00 8403.00 377.00 377.00 0.00 5086.00 49218.00 20557.00 27017.00 1644.00 486.00 16486.00 2250.00 31312.00 -17076.00
"198401" 80859.00 3726.00 19493.00 10641.00 -2602.00 0.00 3696.00 7758.00 0.00 8127.00 31723.00 17790.00 70740.00 5526.00 128.00 128.00 0.00 4027.00 46106.00 18376.00 26035.00 1695.00 410.00 14543.00 2660.00 34116.00 -22233.00
"198402" 74790.00 3525.00 14695.00 11596.00 -7718.00 0.00 3370.00 7447.00 0.00 7653.00 32657.00 16260.00 64997.00 -829.00 337.00 337.00 0.00 4133.00 45525.00 18946.00 25290.00 1289.00 266.00 15565.00 2804.00 34769.00 -22008.00
"198403" 89356.00 3488.00 27278.00 13092.00 491.00 0.00 4944.00 8751.00 0.00 9111.00 30415.00 19064.00 78858.00 10347.00 515.00 515.00 0.00 4727.00 45762.00 18395.00 25853.00 1514.00 431.00 17076.00 2847.00 34256.00 -20027.00
"198404" 118406.00 3904.00 54122.00 17301.00 12140.00 0.00 11008.00 13673.00 0.00 8914.00 31834.00 19632.00 108142.00 25512.00 1071.00 1071.00 0.00 5465.00 56028.00 21573.00 31695.00 2760.00 428.00 19638.00 3716.00 34672.00 -18750.00
"198501" 91090.00 3937.00 26648.00 10499.00 -1600.00 1220.00 4511.00 12018.00 0.00 10957.00 30614.00 18934.00 80205.00 1693.00 382.00 382.00 0.00 4199.00 51752.00 20994.00 28726.00 2032.00 482.00 21697.00 3461.00 37814.00 -19578.00
"198502" 107893.00 3751.00 34157.00 12618.00 -3507.00 2440.00 5498.00 17108.00 0.00 12039.00 36878.00 21068.00 96226.00 7700.00 548.00 548.00 0.00 5280.00 62982.00 25030.00 35169.00 2783.00 566.00 19150.00 3436.00 37729.00 -22015.00
"198503" 113608.00 4200.00 39456.00 13928.00 -3436.00 3660.00 6133.00 19171.00 0.00 10615.00 38968.00 20369.00 100972.00 7994.00 622.00 622.00 0.00 5699.00 63865.00 24919.00 35766.00 3180.00 624.00 22168.00 3446.00 39893.00 -21171.00
"198504" 156016.00 6275.00 58195.00 14549.00 -4011.00 4880.00 19922.00 22855.00 0.00 14070.00 50699.00 26777.00 141328.00 23743.00 1342.00 1342.00 0.00 7998.00 80489.00 35051.00 38485.00 6953.00 773.00 26983.00 3848.00 43290.00 -20155.00
"198601" 179853.00 5531.00 72666.00 16125.00 14590.00 6100.00 8541.00 27310.00 0.00 16599.00 52848.00 32209.00 163025.00 36508.00 990.00 990.00 0.00 6745.00 90275.00 40976.00 42719.00 6580.00 654.00 27853.00 3958.00 40279.00 -16384.00
"198602" 181731.00 5225.00 71529.00 18140.00 12498.00 7320.00 7737.00 25834.00 0.00 16027.00 52842.00 36108.00 163425.00 35144.00 1696.00 1696.00 0.00 7294.00 84369.00 39027.00 40059.00 5283.00 643.00 34279.00 4056.00 50987.00 -20764.00
"198603" 171340.00 6196.00 70014.00 15109.00 11164.00 8540.00 10210.00 24991.00 0.00 16727.00 55521.00 22882.00 152340.00 33669.00 1322.00 1322.00 0.00 7077.00 77487.00 37033.00 35031.00 5423.00 638.00 32147.00 4124.00 46433.00 -18410.00
"198604" 184585.00 8450.00 66254.00 12599.00 4120.00 9760.00 16595.00 23180.00 0.00 17721.00 57429.00 34731.00 164304.00 35566.00 3397.00 3397.00 0.00 7632.00 83646.00 44015.00 32548.00 7083.00 932.00 33131.00 3624.00 46727.00 -17220.00
"198701" 169052.00 6775.00 51374.00 10042.00 -6126.00 10908.00 12233.00 24317.00 0.00 18314.00 53567.00 39022.00 148340.00 24017.00 2952.00 2952.00 0.00 8787.00 79070.00 42661.00 30659.00 5750.00 956.00 32558.00 4809.00 49301.00 -21552.00
"198702" 159247.00 6312.00 36325.00 11354.00 -17144.00 12200.00 8357.00 21558.00 0.00 17614.00 56889.00 42107.00 138975.00 13669.00 3340.00 3340.00 0.00 8424.00 79102.00 41590.00 33105.00 4407.00 658.00 33782.00 5413.00 46427.00 -18058.00
"198703" 161205.00 5968.00 30299.00 12846.00 -26607.00 13420.00 7971.00 22669.00 0.00 20423.00 59395.00 45120.00 140386.00 7692.00 4022.00 4022.00 0.00 8892.00 82145.00 41350.00 34892.00 5903.00 550.00 37085.00 5754.00 54075.00 -22744.00
"198704" 137948.00 7448.00 39779.00 14150.00 -16685.00 14640.00 8286.00 19388.00 0.00 10685.00 41797.00 38239.00 114509.00 -8805.00 3248.00 3248.00 0.00 6828.00 73480.00 39103.00 29374.00 5003.00 394.00 39364.00 3130.00 60605.00 -24371.00
"198801" 146545.00 9656.00 42765.00 14564.00 -15703.00 15860.00 6006.00 22038.00 0.00 11495.00 40625.00 42004.00 122006.00 -2468.00 3498.00 3498.00 0.00 8300.00 78831.00 40208.00 32494.00 6129.00 459.00 33386.00 3774.00 76246.00 -46634.00
"198802" 144187.00 10951.00 34283.00 17381.00 -31253.00 17080.00 7375.00 23700.00 0.00 11075.00 41231.00 46647.00 117227.00 -8358.00 5327.00 5327.00 0.00 9413.00 77077.00 41222.00 29795.00 6060.00 489.00 33279.00 2094.00 80422.00 -49237.00
"198803" 137822.00 10172.00 33693.00 14158.00 -31306.00 18300.00 6967.00 25574.00 0.00 11881.00 42131.00 39945.00 112209.00 -10365.00 5511.00 5511.00 0.00 9012.00 74362.00 38871.00 30111.00 5380.00 507.00 33182.00 3921.00 84025.00 -54764.00
"198804" 135870.00 9390.00 23518.00 14773.00 -47396.00 19520.00 7480.00 29141.00 0.00 12233.00 43506.00 47223.00 111468.00 -21885.00 7517.00 7517.00 0.00 8548.00 74790.00 40886.00 28991.00 4913.00 543.00 41955.00 4795.00 87493.00 -50333.00
"198901" 143926.00 8812.00 37374.00 15336.00 -35659.00 20740.00 4891.00 32066.00 0.00 12566.00 39338.00 45836.00 119017.00 -12631.00 9649.00 9649.00 0.00 8463.00 77299.00 41744.00 31084.00 4471.00 412.00 35825.00 4363.00 88040.00 -56578.00
"198902" 187100.00 9731.00 67678.00 15736.00 -8745.00 21960.00 7017.00 31710.00 0.00 13423.00 44641.00 51627.00 162229.00 16159.00 10865.00 10865.00 0.00 8532.00 86660.00 48302.00 33709.00 4649.00 543.00 39470.00 4787.00 92052.00 -57369.00
"198903" 187148.00 8749.00 69531.00 14202.00 -4995.00 23180.00 5786.00 31358.00 0.00 14081.00 44294.00 50493.00 161294.00 33091.00 10128.00 10128.00 0.00 8216.00 83456.00 44675.00 33632.00 5149.00 703.00 25700.00 4718.00 97513.00 -76531.00
"198904" 236560.00 9758.00 103686.00 17811.00 21506.00 24400.00 7097.00 32872.00 0.00 14078.00 42540.00 66498.00 213178.00 64240.00 13783.00 13783.00 0.00 8005.00 91373.00 53190.00 33170.00 5013.00 606.00 35171.00 6266.00 95371.00 -66466.00
"199001" 204929.00 10145.00 72870.00 17097.00 -2986.00 25620.00 6162.00 26977.00 0.00 9884.00 41977.00 70053.00 182308.00 33335.00 12289.00 12289.00 0.00 6095.00 88044.00 51058.00 32557.00 4429.00 645.00 41900.00 6325.00 94160.00 -58585.00
"199002" 204116.00 8726.00 68025.00 14484.00 -11205.00 27324.00 6726.00 30696.00 0.00 12863.00 40022.00 74480.00 181352.00 31513.00 10825.00 10825.00 0.00 5866.00 87409.00 50939.00 31556.00 4914.00 696.00 45043.00 6471.00 94361.00 -55789.00
"199003" 199477.00 10879.00 50423.00 14150.00 -33339.00 31485.00 7389.00 30738.00 0.00 8971.00 36722.00 92482.00 178129.00 25467.00 14312.00 14312.00 0.00 5720.00 90858.00 55220.00 30665.00 4973.00 688.00 41084.00 6536.00 81970.00 -47422.00
"199004" 262133.00 10248.00 106479.00 18393.00 7277.00 44013.00 7894.00 28902.00 0.00 9555.00 38809.00 97042.00 239240.00 81024.00 15289.00 15289.00 0.00 6103.00 98619.00 62425.00 27780.00 8414.00 664.00 37541.00 3774.00 82334.00 -48567.00
"199101" 250256.00 10168.00 91624.00 17322.00 -6815.00 45290.00 6636.00 29191.00 0.00 12763.00 36867.00 98834.00 226958.00 67841.00 16421.00 16421.00 0.00 5774.00 95662.00 59418.00 28765.00 7479.00 568.00 40692.00 5179.00 84073.00 -48560.00
"199102" 269760.00 10594.00 100863.00 14620.00 -5679.00 49116.00 9149.00 33657.00 0.00 12424.00 37562.00 108317.00 246455.00 78508.00 18154.00 18154.00 0.00 6469.00 99962.00 58708.00 31193.00 10061.00 605.00 42757.00 5591.00 82792.00 -45626.00
"199103" 308128.00 9071.00 124282.00 14795.00 8904.00 54652.00 8435.00 37496.00 0.00 13757.00 45059.00 115959.00 284793.00 104088.00 18212.00 18212.00 0.00 6202.00 112994.00 68628.00 31503.00 12863.00 687.00 42610.00 5888.00 83554.00 -46832.00
"199104" 332510.00 10191.00 123988.00 13958.00 5669.00 54029.00 9448.00 40884.00 0.00 14267.00 55066.00 128998.00 308668.00 106707.00 19000.00 19000.00 0.00 6785.00 133803.00 87013.00 29958.00 16832.00 850.00 41523.00 5770.00 85776.00 -50023.00
"199201" 322491.00 9976.00 108325.00 13573.00 -15437.00 57617.00 7866.00 44706.00 0.00 12334.00 51227.00 140629.00 297507.00 82244.00 19686.00 19686.00 0.00 6002.00 143376.00 71756.00 56900.00 14720.00 877.00 45322.00 5955.00 91450.00 -52083.00
"199202" 343358.00 10313.00 135236.00 16668.00 -5661.00 66514.00 10120.00 47595.00 0.00 12686.00 56332.00 128791.00 316290.00 100309.00 23104.00 23104.00 0.00 6432.00 136998.00 65079.00 54416.00 17503.00 908.00 48539.00 6109.00 91711.00 -49281.00
"199203" 395721.00 10651.00 145374.00 16195.00 -427.00 62053.00 9364.00 58189.00 0.00 12072.00 55840.00 171784.00 368506.00 128715.00 22706.00 22706.00 0.00 6554.00 158631.00 77997.00 56305.00 24329.00 979.00 50921.00 6130.00 100873.00 -56082.00
"199204" 381732.00 10367.00 122695.00 15200.00 -7657.00 52981.00 11313.00 50858.00 0.00 14783.00 53474.00 180413.00 352783.00 106426.00 21694.00 21694.00 0.00 7389.00 164223.00 76230.00 57294.00 30699.00 888.00 52163.00 5297.00 102315.00 -55449.00
"199301" 415981.00 11086.00 140812.00 15752.00 -4995.00 60300.00 9904.00 59851.00 0.00 15807.00 59775.00 188501.00 389479.00 144442.00 19323.00 19323.00 0.00 8101.00 166405.00 86800.00 55909.00 23696.00 1091.00 50117.00 9433.00 102656.00 -61972.00
"199302" 438845.00 10872.00 154700.00 15267.00 -1318.00 65400.00 14351.00 61000.00 0.00 19213.00 59048.00 195012.00 416080.00 140474.00 22754.00 22754.00 0.00 9931.00 176236.00 86946.00 58882.00 30408.00 1067.00 65618.00 13569.00 111327.00 -59278.00
"199303" 462534.00 11007.00 154734.00 14642.00 -19674.00 73800.00 14216.00 71750.00 0.00 21514.00 67376.00 207903.00 439129.00 137455.00 26419.00 26419.00 0.00 10437.00 188133.00 99749.00 60235.00 28149.00 1447.00 75238.00 17705.00 115671.00 -58138.00
"199304" 478778.00 12281.00 137533.00 14868.00 -28313.00 60800.00 17133.00 73045.00 0.00 24247.00 76123.00 228594.00 460627.00 126441.00 33734.00 33734.00 0.00 10069.00 202926.00 102269.00 61370.00 39287.00 1401.00 86056.00 23690.00 127469.00 -65103.00
"199401" 469867.00 14913.00 115219.00 11372.00 -44830.00 58600.00 13079.00 76998.00 0.00 22252.00 77033.00 240450.00 451483.00 110125.00 31258.00 31258.00 0.00 12256.00 206679.00 110756.00 63161.00 32762.00 1428.00 89737.00 23914.00 136395.00 -70572.00
"199402" 465580.00 14181.00 100804.00 18676.00 -53124.00 55300.00 12503.00 67449.00 0.00 19739.00 76103.00 254753.00 448617.00 115195.00 31324.00 31324.00 0.00 9989.00 202987.00 112484.00 58377.00 32126.00 1353.00 87769.00 24138.00 133461.00 -69830.00
"199403" 469482.00 13459.00 95331.00 12164.00 -45723.00 50000.00 12402.00 66488.00 0.00 20178.00 72568.00 267946.00 452789.00 129051.00 29419.00 29419.00 0.00 10257.00 191309.00 107321.00 54712.00 29276.00 1409.00 91344.00 24362.00 139213.00 -72231.00
"199404" 454724.00 12022.00 93329.00 11207.00 -42684.00 45000.00 15455.00 64351.00 0.00 20126.00 75051.00 254196.00 429118.00 103394.00 34255.00 34255.00 0.00 9149.00 203912.00 108971.00 56817.00 38124.00 1195.00 77213.00 14032.00 144187.00 -81006.00
"199501" 472668.00 13990.00 101106.00 16822.00 -29236.00 45000.00 10838.00 57682.00 0.00 22013.00 69850.00 265709.00 445727.00 133034.00 26870.00 26870.00 0.00 9021.00 200673.00 113459.00 56112.00 31102.00 1047.00 75082.00 14513.00 157133.00 -96564.00
"199502" 491805.00 13270.00 137410.00 17480.00 -129.00 42000.00 11702.00 66357.00 0.00 23863.00 68742.00 248520.00 465261.00 140880.00 26844.00 26844.00 0.00 9330.00 209106.00 113128.00 62271.00 33707.00 1072.00 78029.00 14994.00 162597.00 -99562.00
"199503" 503170.00 14788.00 136112.00 22130.00 -8106.00 46000.00 9305.00 66783.00 0.00 26753.00 77352.00 248165.00 476030.00 147065.00 27368.00 27368.00 0.00 9997.00 208791.00 114850.00 59457.00 34484.00 1348.00 81461.00 15475.00 171098.00 -105112.00
"199504" 568105.00 13749.00 183429.00 22065.00 18274.00 54000.00 12723.00 73814.00 2553.00 34176.00 78593.00 258158.00 541796.00 182392.00 29300.00 29300.00 0.00 10261.00 227060.00 127569.00 65077.00 34414.00 1117.00 91666.00 17382.00 168569.00 -94285.00
"199601" 569408.00 12924.00 156180.00 16766.00 5215.00 50000.00 8866.00 72438.00 2895.00 28171.00 89110.00 283023.00 541911.00 181542.00 21360.00 21360.00 0.00 11613.00 237758.00 140925.00 63046.00 33787.00 1063.00 88575.00 18280.00 183354.00 -113059.00
"199602" 565266.00 15327.00 138187.00 19921.00 -14080.00 48200.00 8802.00 72107.00 3237.00 31923.00 89851.00 289978.00 538395.00 180398.00 24649.00 24649.00 0.00 13026.00 228767.00 136822.00 59355.00 32590.00 1196.00 90359.00 19178.00 192024.00 -120843.00
"199603" 583126.00 15300.00 147063.00 18072.00 -3985.00 46500.00 7867.00 75031.00 3578.00 29142.00 86937.00 304684.00 555990.00 177644.00 26068.00 26068.00 0.00 14461.00 230827.00 145158.00 57398.00 28271.00 1079.00 105911.00 20076.00 198396.00 -112561.00
"199604" 636351.00 15651.00 167730.00 23686.00 -12836.00 55200.00 10830.00 86930.00 3920.00 37899.00 94411.00 320660.00 609450.00 180875.00 27281.00 27281.00 0.00 14282.00 263665.00 162859.00 60237.00 40569.00 1264.00 122083.00 20765.00 209731.00 -108413.00
"199701" 655395.00 14760.00 164501.00 25226.00 -22758.00 53807.00 10056.00 93380.00 4790.00 39279.00 101354.00 335501.00 626605.00 181380.00 26567.00 26567.00 0.00 17663.00 278966.00 171999.00 65874.00 41093.00 1040.00 120989.00 22230.00 209060.00 -110301.00
"199702" 717430.00 18078.00 160152.00 25935.00 -28009.00 53744.00 11363.00 91459.00 5660.00 44150.00 110390.00 384660.00 688227.00 206250.00 35301.00 35301.00 0.00 16356.00 303930.00 188656.00 63009.00 52265.00 889.00 125501.00 23695.00 216256.00 -114450.00
"199703" 748810.00 18951.00 164662.00 24340.00 -42821.00 66391.00 11049.00 99173.00 6530.00 50737.00 127447.00 387013.00 716958.00 214671.00 33583.00 33583.00 0.00 23629.00 304388.00 192808.00 65419.00 46161.00 1110.00 139577.00 25160.00 228002.00 -113585.00
"199704" 779194.00 21682.00 182594.00 24258.00 -5344.00 50432.00 13203.00 92645.00 7400.00 51922.00 131172.00 391824.00 750095.00 203528.00 35340.00 35340.00 0.00 19938.00 337908.00 215452.00 64407.00 58049.00 1345.00 152036.00 29388.00 248273.00 -125625.00
"199801" 918109.00 24927.00 242690.00 25079.00 31929.00 67883.00 12381.00 98163.00 7255.00 62800.00 140059.00 447633.00 883936.00 230309.00 35082.00 35082.00 0.00 19532.00 364681.00 233305.00 71592.00 59784.00 1085.00 233247.00 29242.00 270551.00 -66546.00
"199802" 917075.00 22235.00 209379.00 28296.00 -29276.00 86937.00 15294.00 101105.00 7023.00 66679.00 151513.00 467269.00 881302.00 226463.00 40084.00 40084.00 0.00 20869.00 388049.00 248350.00 72201.00 67498.00 1095.00 204742.00 29096.00 292998.00 -117352.00
"199803" 989703.00 25934.00 245878.00 33417.00 38103.00 61524.00 14699.00 91261.00 6874.00 55447.00 149053.00 513391.00 955160.00 261346.00 39435.00 39435.00 0.00 21782.00 424297.00 277833.00 72630.00 73834.00 793.00 207507.00 28950.00 303978.00 -125421.00
"199804" 921179.00 25378.00 189354.00 28031.00 15817.00 50922.00 13145.00 74720.00 6719.00 54351.00 152761.00 499335.00 885796.00 208154.00 42533.00 42533.00 0.00 18932.00 419478.00 276675.00 76313.00 66490.00 1264.00 195435.00 29723.00 321926.00 -156214.00
"199901" 893755.00 24459.00 211300.00 28801.00 48120.00 32874.00 12390.00 82383.00 6732.00 61035.00 160646.00 436315.00 856890.00 232670.00 34756.00 34756.00 0.00 19429.00 391990.00 262335.00 70519.00 59136.00 1289.00 176756.00 31024.00 363461.00 -217729.00
"199902" 900485.00 27641.00 158821.00 28785.00 -12250.00 34718.00 14339.00 86463.00 6766.00 68117.00 183825.00 462081.00 859427.00 200902.00 30182.00 30182.00 0.00 31539.00 403236.00 270394.00 74652.00 58190.00 1385.00 192183.00 32325.00 384051.00 -224193.00
"199903" 921364.00 26734.00 166763.00 29344.00 -21843.00 57294.00 12844.00 82332.00 6792.00 55535.00 185837.00 486495.00 879537.00 209567.00 34623.00 34623.00 0.00 30022.00 407224.00 285143.00 65311.00 56770.00 1498.00 196603.00 33626.00 366817.00 -203840.00
"199904" 1001002.00 28711.00 154669.00 25987.00 -42626.00 65950.00 11947.00 86599.00 6812.00 66885.00 227926.00 522811.00 960543.00 245230.00 25309.00 25309.00 0.00 30859.00 448665.00 323880.00 67550.00 57235.00 2180.00 208300.00 38680.00 356908.00 -187288.00
"200001" 1132525.00 27117.00 194816.00 30206.00 -6509.00 50284.00 10842.00 102574.00 7419.00 74383.00 286471.00 549738.00 1085639.00 285265.00 36416.00 36416.00 0.00 33766.00 514583.00 371239.00 76505.00 66839.00 2423.00 213186.00 39459.00 338329.00 -164602.00
"200002" 1132907.00 26969.00 188155.00 38226.00 -24138.00 55092.00 9868.00 101083.00 8024.00 74528.00 270234.00 573021.00 1085276.00 271661.00 36247.00 36247.00 0.00 39405.00 509941.00 359464.00 70454.00 80023.00 1719.00 226303.00 40238.00 353251.00 -167186.00
"200003" 1208607.00 20781.00 243331.00 45430.00 7847.00 62613.00 10836.00 108109.00 8496.00 81519.00 273873.00 589103.00 1159986.00 317601.00 42588.00 42588.00 0.00 35912.00 531938.00 372945.00 67538.00 91455.00 1772.00 230175.00 41017.00 354807.00 -165649.00
"200004" 1221388.00 30329.00 223617.00 39210.00 -3252.00 63695.00 11289.00 103760.00 8915.00 77220.00 235134.00 655088.00 1185285.00 302165.00 40944.00 40944.00 0.00 35915.00 587586.00 412434.00 74671.00 100481.00 2096.00 216579.00 53973.00 360535.00 -197929.00
"200101" 1211486.00 30954.00 317728.00 44637.00 61131.00 75298.00 12658.00 114687.00 9317.00 78268.00 195785.00 588751.00 1174358.00 287071.00 35007.00 35007.00 0.00 35339.00 603521.00 412029.00 82178.00 109314.00 1208.00 212212.00 55362.00 410577.00 -253727.00
"200102" 1334881.00 37066.00 288404.00 44830.00 1549.00 96345.00 13677.00 122200.00 9803.00 89825.00 195977.00 723609.00 1297625.00 334223.00 43913.00 43913.00 0.00 33321.00 585570.00 412906.00 83792.00 88872.00 1320.00 299278.00 56751.00 395359.00 -152832.00
"200103" 1462638.00 53727.00 366367.00 50792.00 67409.00 80443.00 15997.00 141662.00 10064.00 66595.00 258064.00 717885.00 1426499.00 402273.00 47064.00 47064.00 0.00 36136.00 661856.00 494787.00 92620.00 74449.00 1447.00 277723.00 58140.00 382245.00 -162662.00
"200104" 1465640.00 47120.00 316043.00 48160.00 9816.00 77780.00 19010.00 151023.00 10254.00 85080.00 196359.00 821038.00 1424624.00 353159.00 42343.00 42343.00 0.00 39211.00 629505.00 454329.00 81906.00 93270.00 1890.00 358516.00 56065.00 351710.00 -49259.00
"200201" 1441358.00 43054.00 299565.00 47646.00 -1663.00 71816.00 13606.00 158181.00 9979.00 86247.00 191989.00 820503.00 1397322.00 390427.00 38425.00 38425.00 0.00 36347.00 586045.00 427497.00 80690.00 77858.00 1911.00 344167.00 55165.00 383671.00 -94669.00
"200202" 1465244.00 45690.00 352644.00 50808.00 9925.00 89951.00 17419.00 174895.00 9646.00 83728.00 170555.00 812627.00 1420210.00 438338.00 42805.00 42805.00 0.00 30582.00 575068.00 400494.00 84884.00 89690.00 1632.00 331785.00 54265.00 361586.00 -84066.00
"200203" 1419722.00 40460.00 335245.00 44347.00 49.00 88821.00 20266.00 172343.00 9419.00 69384.00 149624.00 825009.00 1375200.00 383703.00 46614.00 46614.00 0.00 31767.00 576634.00 401309.00 84936.00 90389.00 1615.00 334867.00 53365.00 338084.00 -56582.00
"200204" 1335420.00 44217.00 344431.00 43495.00 -3912.00 91831.00 21026.00 183078.00 8913.00 74894.00 148201.00 723677.00 1272708.00 344176.00 40624.00 40624.00 0.00 37418.00 590641.00 412699.00 79219.00 98723.00 1347.00 258502.00 35401.00 349336.00 -126235.00
"200301" 1385505.00 44176.00 390925.00 46693.00 17481.00 128110.00 19208.00 170490.00 8943.00 67679.00 159526.00 723199.00 1321518.00 341958.00 50232.00 50232.00 0.00 28501.00 630345.00 429641.00 92040.00 108664.00 1634.00 268848.00 36119.00 364206.00 -131477.00
"200302" 1512117.00 43579.00 341147.00 41865.00 -63208.00 139400.00 22129.00 191988.00 8973.00 87637.00 248456.00 791298.00 1443856.00 366190.00 46175.00 46175.00 0.00 35253.00 715264.00 515135.00 104236.00 95893.00 1929.00 279045.00 36837.00 359781.00 -117573.00
"200303" 1560696.00 43857.00 374974.00 46074.00 8142.00 85829.00 24085.00 201843.00 9001.00 86803.00 227610.00 827452.00 1488418.00 420000.00 48640.00 48640.00 0.00 32468.00 704032.00 503443.00 99375.00 101214.00 1985.00 281293.00 37555.00 368842.00 -125104.00
"200304" 1613023.00 47162.00 424065.00 49356.00 37778.00 83726.00 24858.00 219299.00 9048.00 100537.00 182500.00 858759.00 1540086.00 490391.00 46991.00 46991.00 0.00 28218.00 676292.00 475360.00 91423.00 109509.00 1751.00 296443.00 37447.00 379763.00 -120767.00
"200401" 1703296.00 52962.00 405029.00 49519.00 11917.00 93776.00 25028.00 214940.00 9849.00 113454.00 200782.00 931069.00 1629329.00 482180.00 59978.00 59978.00 0.00 34599.00 740301.00 512899.00 96054.00 131348.00 1920.00 310351.00 38219.00 401645.00 -129513.00
"200402" 1652788.00 53428.00 325464.00 49956.00 -82071.00 86301.00 30172.00 229721.00 11385.00 117847.00 216509.00 939540.00 1579135.00 381874.00 60596.00 60596.00 0.00 32077.00 764545.00 533917.00 96700.00 133928.00 2034.00 338009.00 38991.00 379768.00 -80750.00
"200403" 1772403.00 53080.00 453514.00 49876.00 -12771.00 131898.00 33582.00 238203.00 12726.00 110251.00 209852.00 945706.00 1696059.00 484670.00 68897.00 68897.00 0.00 34236.00 767061.00 524341.00 103407.00 139313.00 2333.00 338862.00 39763.00 378385.00 -79286.00
"200404" 1844886.00 62881.00 394898.00 48015.00 -44572.00 107266.00 31961.00 237991.00 14237.00 129065.00 264019.00 994023.00 1777849.00 526858.00 62237.00 62237.00 0.00 36040.00 774163.00 578316.00 102170.00 93677.00 2195.00 376356.00 49610.00 390274.00 -63528.00
"200501" 1947066.00 60832.00 440012.00 50399.00 -26886.00 108177.00 36344.00 256096.00 15882.00 134575.00 266078.00 1045569.00 1878063.00 621703.00 65026.00 65026.00 0.00 34972.00 785181.00 569369.00 101088.00 114724.00 2608.00 368573.00 48960.00 479289.00 -159676.00
"200502" 2040259.00 58952.00 457328.00 62476.00 -69113.00 135931.00 32413.00 277761.00 17860.00 131123.00 263518.00 1129338.00 1969736.00 680934.00 63720.00 63720.00 0.00 35049.00 800689.00 583167.00 90055.00 127467.00 1254.00 388090.00 48310.00 501798.00 -162018.00
"200503" 2117585.00 57728.00 431988.00 63811.00 -84185.00 118070.00 35288.00 279551.00 19453.00 132883.00 258013.00 1236973.00 2043907.00 706495.00 70720.00 70720.00 0.00 45227.00 810175.00 578366.00 95500.00 136309.00 1794.00 409496.00 47660.00 511644.00 -149808.00
"200504" 2127050.00 56460.00 477193.00 60246.00 -64593.00 101001.00 42885.00 315704.00 21950.00 158331.00 232447.00 1202619.00 2052605.00 733568.00 62361.00 62361.00 0.00 43079.00 805984.00 575308.00 95620.00 135056.00 2080.00 405533.00 49947.00 524134.00 -168548.00
"200601" 2288071.00 62521.00 497249.00 66698.00 -79789.00 129388.00 35553.00 319756.00 25643.00 167166.00 249478.00 1311657.00 2200854.00 816482.00 71136.00 71136.00 0.00 35902.00 856024.00 598590.00 101852.00 155582.00 2566.00 418744.00 45101.00 514789.00 -141146.00
"200602" 2402562.00 74653.00 469989.00 67615.00 -148588.00 155065.00 37889.00 327412.00 30596.00 166945.00 243845.00 1447130.00 2313502.00 835019.00 72769.00 72769.00 0.00 48938.00 904803.00 646293.00 93358.00 165152.00 2812.00 449161.00 44371.00 525007.00 -120217.00
"200603" 2584491.00 69778.00 537319.00 73995.00 -110446.00 160911.00 38392.00 340123.00 34344.00 172725.00 254532.00 1550137.00 2492012.00 963028.00 74011.00 74011.00 0.00 43328.00 936932.00 654780.00 110374.00 171778.00 3269.00 471444.00 43097.00 524006.00 -95659.00
"200604" 2741746.00 80480.00 583372.00 64305.00 -67039.00 138039.00 50868.00 355486.00 41713.00 186369.00 292099.00 1599426.00 2669063.00 1071819.00 68788.00 68788.00 0.00 48279.00 957833.00 655663.00 116540.00 185630.00 2805.00 519539.00 61018.00 551019.00 -92498.00
"200701" 3020297.00 81859.00 677153.00 77128.00 -41484.00 147783.00 48412.00 400261.00 45053.00 202062.00 278962.00 1780261.00 2944714.00 1224547.00 83652.00 83652.00 0.00 51652.00 1010014.00 690136.00 121959.00 197919.00 3548.00 571301.00 66857.00 513502.00 -9058.00
"200702" 3169543.00 89825.00 583755.00 79874.00 -139335.00 122627.00 53953.00 418032.00 48604.00 223084.00 334032.00 1938847.00 3092601.00 1219196.00 93615.00 93615.00 0.00 65473.00 1045474.00 745313.00 118941.00 181220.00 3483.00 665360.00 68593.00 522661.00 74106.00
"200703" 3201937.00 86295.00 718223.00 86029.00 -95338.00 214645.00 45124.00 416966.00 50797.00 220624.00 296520.00 1880275.00 3128849.00 1293738.00 86273.00 86273.00 0.00 62129.00 1077998.00 757822.00 135267.00 184909.00 3469.00 605242.00 70356.00 571124.00 -36238.00
"200704" 3092024.00 104980.00 803101.00 87115.00 -59964.00 290197.00 50122.00 382792.00 52839.00 224757.00 325534.00 1633652.00 3019379.00 1147283.00 64803.00 64803.00 0.00 45842.00 1200882.00 866424.00 145854.00 188604.00 2186.00 558383.00 62620.00 567461.00 -71698.00
"200801" 3244240.00 122378.00 864267.00 107489.00 -23674.00 298061.00 66073.00 362689.00 53629.00 180134.00 365327.00 1712134.00 3183605.00 1196680.00 120112.00 80369.00 39743.00 43494.00 1281724.00 984530.00 158441.00 138753.00 2043.00 539552.00 74557.00 572449.00 -107454.00
"200802" 2957944.00 115605.00 691840.00 102908.00 -93297.00 311194.00 51803.00 264958.00 54274.00 189631.00 291465.00 1669403.00 2901559.00 971514.00 85936.00 84481.00 1455.00 39087.00 1273438.00 992080.00 158125.00 123233.00 2617.00 528967.00 84994.00 613460.00 -169487.00
"200803" 3001925.00 161934.00 820777.00 153941.00 -9173.00 350042.00 61946.00 208208.00 55813.00 160646.00 402323.00 1456245.00 2971747.00 751873.00 276660.00 76926.00 199734.00 34362.00 1282851.00 998551.00 178762.00 105538.00 2538.00 623463.00 107721.00 582385.00 -66643.00
"200804" 2217183.00 120078.00 717424.00 65701.00 190624.00 242649.00 38741.00 123788.00 55921.00 109172.00 164838.00 1105671.00 2158143.00 586935.00 142551.00 97067.00 45484.00 21167.00 963630.00 742660.00 158641.00 62329.00 2485.00 441375.00 72064.00 672108.00 -302797.00
"200901" 1925452.00 103164.00 594013.00 49879.00 130942.00 221979.00 38740.00 102227.00 50246.00 79551.00 134275.00 1014449.00 1858175.00 418403.00 102448.00 82039.00 20409.00 47794.00 882929.00 666349.00 139119.00 77461.00 2681.00 403920.00 69270.00 1151428.00 -816778.00
"200902" 2011360.00 92028.00 599166.00 61262.00 155937.00 177219.00 38308.00 120561.00 45879.00 89312.00 147666.00 1083188.00 1924764.00 481821.00 102207.00 97137.00 5070.00 54513.00 851416.00 657287.00 120869.00 73260.00 4500.00 430307.00 72962.00 1159894.00 -802549.00
"200903" 2060636.00 81933.00 533430.00 49532.00 105725.00 141568.00 41895.00 152257.00 42453.00 108514.00 173767.00 1162992.00 1964929.00 449031.00 104052.00 104025.00 27.00 66910.00 893744.00 671709.00 157065.00 64970.00 6248.00 444944.00 71077.00 1102513.00 -728646.00
"200904" 2084221.00 90721.00 525315.00 41538.00 122977.00 110876.00 35430.00 154388.00 60106.00 124151.00 202985.00 1141049.00 1977686.00 470893.00 92851.00 92851.00 0.00 70062.00 888196.00 668571.00 158047.00 61578.00 5719.00 449965.00 64404.00 1119268.00 -733707.00
"201001" 2091950.00 90177.00 544929.00 38495.00 123620.00 127506.00 40342.00 162827.00 52139.00 112353.00 196375.00 1148116.00 1979901.00 439967.00 92252.00 92252.00 0.00 62213.00 912383.00 680005.00 160044.00 72334.00 4384.00 468702.00 65809.00 1136936.00 -734043.00
"201002" 1977902.00 86072.00 529086.00 33091.00 87092.00 161881.00 35015.00 161867.00 50140.00 98409.00 216997.00 1047338.00 1864794.00 340948.00 100907.00 100907.00 0.00 51991.00 929080.00 685987.00 164462.00 78631.00 4360.00 437508.00 66564.00 1115785.00 -744841.00
"201003" 2025703.00 89523.00 539728.00 34189.00 73779.00 173536.00 39207.00 170340.00 48677.00 100587.00 233671.00 1062194.00 1915535.00 361131.00 96115.00 96115.00 0.00 55073.00 940037.00 696793.00 144059.00 99185.00 6368.00 456811.00 67488.00 1123860.00 -734537.00
"201004" 2075145.00 96923.00 557526.00 36240.00 94503.00 149812.00 40017.00 189549.00 47405.00 117240.00 278175.00 1025281.00 1975830.00 404687.00 129722.00 129722.00 0.00 18072.00 936591.00 694256.00 152268.00 90067.00 3648.00 483110.00 88539.00 1124637.00 -730066.00
"201101" 2094435.00 88761.00 555877.00 39578.00 78262.00 153228.00 36472.00 202420.00 45917.00 131652.00 315728.00 1002417.00 1993308.00 427111.00 128238.00 128238.00 0.00 18386.00 942330.00 703302.00 152088.00 86940.00 4228.00 473015.00 90369.00 1153061.00 -770415.00
"201102" 2121140.00 105410.00 548677.00 42229.00 56322.00 174711.00 40045.00 187389.00 47981.00 131158.00 312853.00 1023042.00 2023106.00 387935.00 110065.00 110065.00 0.00 19234.00 1010996.00 757718.00 163157.00 90121.00 4340.00 490536.00 94646.00 1135452.00 -739562.00
"201103" 1971401.00 111054.00 510569.00 40742.00 78918.00 166768.00 36066.00 133704.00 54371.00 97695.00 251931.00 1000152.00 1883615.00 179503.00 99211.00 99211.00 0.00 16304.00 1128945.00 804893.00 186893.00 137159.00 3689.00 455963.00 98988.00 1133705.00 -776730.00
"201104" 1949702.00 111849.00 563194.00 42143.00 183559.00 147730.00 30899.00 104519.00 54344.00 103166.00 238861.00 932632.00 1870911.00 215330.00 91829.00 91829.00 0.00 14262.00 1073702.00 752397.00 189601.00 131704.00 2533.00 473255.00 98123.00 1159268.00 -784136.00
"201201" 2063829.00 117367.00 610717.00 43707.00 203769.00 148650.00 34685.00 149291.00 30615.00 116254.00 267723.00 951768.00 1978049.00 251739.00 98018.00 98018.00 0.00 17316.00 1107822.00 762286.00 190823.00 154713.00 2989.00 500165.00 100267.00 1347306.00 -947408.00
"201202" 2052880.00 105181.00 600456.00 34691.00 201167.00 169806.00 31167.00 130778.00 32847.00 113471.00 244457.00 989315.00 1967675.00 219881.00 102140.00 102140.00 0.00 13480.00 1165747.00 777658.00 209770.00 178319.00 2846.00 463581.00 101097.00 1322272.00 -959788.00
"201203" 2048823.00 113489.00 589108.00 33220.00 190192.00 165507.00 29027.00 139254.00 31908.00 127909.00 269144.00 949173.00 1957817.00 169155.00 85832.00 85832.00 0.00 12988.00 1213236.00 780190.00 241795.00 191251.00 3676.00 472930.00 102943.00 1513780.00 -1143793.00
"201204" 2068299.00 128190.00 652304.00 29934.00 246539.00 169607.00 26632.00 146984.00 32608.00 126702.00 303747.00 857356.00 1977250.42 189195.00 90164.00 90164.00 0.00 14227.00 1208696.00 776041.00 242855.00 189800.00 3080.00 471888.42 104472.42 1628695.00 -1261279.00
